2.000   0.3375 0.159   -0.181
2.050   0.3452 0.150   -0.181
2.100   0.3525 0.141   -0.179
2.150   0.3593 0.132   -0.174
2.200   0.3656 0.123   -0.168
2.250   0.3717 0.115   -0.166
2.300   0.3771 0.107   -0.162
2.350   0.3823 0.099   -0.155
2.400   0.3869 0.091   -0.150
2.450   0.3914 0.084   -0.151
2.500   0.3954 0.076   -0.155
2.550   0.3991 0.068   -0.158
2.600   0.4022 0.061   -0.160
2.650   0.4051 0.053   -0.166
2.700   0.4076 0.044   -0.171
2.750   0.4095 0.035   -0.172
2.800   0.4111 0.027   -0.170